,YEARMONTH,TEMP_C_Helsinki,MONTH,TAVG_Helsinki,ref_temp_Helsinki,DIFF_Helsinki
0,195201,-0.4166666666666667,1.0,21.154787234042555,-6.025118203309693,5.608451536643026
1,195202,-3.6388888888888884,2.0,20.899016203703702,-6.167213220164609,2.52832433127572
2,195203,-10.895061728395062,3.0,27.792891501870656,-2.337282498960746,-8.557779229434315
3,195204,-0.2777777777777777,4.0,38.54665542439573,3.6370307913309596,-3.9148085691087373
4,195205,5.555555555555555,5.0,50.07776590058792,10.0432032781044,-4.487647722548845
5,195206,12.5,6.0,58.5650723025584,14.758373501421332,-2.2583735014213318
6,195207,15.104166666666666,7.0,62.914712153518124,17.174840085287848,-2.0706734186211815
7,195208,14.097222222222221,8.0,60.345333333333336,15.747407407407406,-1.650185185185185
8,195209,7.376543209876543,9.0,51.32384142936907,10.735467460760594,-3.3589242508840513
9,195210,2.8472222222222223,10.0,41.71090811391725,5.394948952176249,-2.547726729954027
10,195211,-1.0802469135802468,11.0,32.74397083567022,0.4133171309278993,-1.4935640445081462
11,195212,-2.361111111111111,12.0,25.853336921420883,-3.4148128214328426,1.0537017103217314
12,195301,-1.8253968253968256,1.0,21.154787234042555,-6.025118203309693,4.1997213779128675
13,195302,-8.214285714285714,2.0,20.899016203703702,-6.167213220164609,-2.047072494121105
14,195303,0.1851851851851852,3.0,27.792891501870656,-2.337282498960746,2.5224676841459313
15,195304,3.944444444444444,4.0,38.54665542439573,3.6370307913309596,0.30741365311348456
16,195305,7.777777777777777,5.0,50.07776590058792,10.0432032781044,-2.2654255003266233
17,195306,13.88888888888889,6.0,58.5650723025584,14.758373501421332,-0.8694846125324425
18,195307,16.875,7.0,62.914712153518124,17.174840085287848,-0.29984008528784756
19,195308,15.027777777777777,8.0,60.345333333333336,15.747407407407406,-0.7196296296296296
20,195309,11.166666666666666,9.0,51.32384142936907,10.735467460760594,0.4311992059060721
21,195310,9.246031746031747,10.0,41.71090811391725,5.394948952176249,3.8510827938554977
22,195311,2.5,11.0,32.74397083567022,0.4133171309278993,2.0866828690721007
23,195312,0.0,12.0,25.853336921420883,-3.4148128214328426,3.4148128214328426
24,195401,-3.944444444444444,1.0,21.154787234042555,-6.025118203309693,2.0806737588652484
25,195402,-12.63888888888889,2.0,20.899016203703702,-6.167213220164609,-6.471675668724281
26,195403,-0.0462962962962963,3.0,27.792891501870656,-2.337282498960746,2.29098620266445
27,195404,1.8888888888888888,4.0,38.54665542439573,3.6370307913309596,-1.7481419024420708
28,195405,10.416666666666666,5.0,50.07776590058792,10.0432032781044,0.373463388562266
29,195406,13.333333333333334,6.0,58.5650723025584,14.758373501421332,-1.4250401680879978
30,195407,16.38888888888889,7.0,62.914712153518124,17.174840085287848,-0.7859511963989583
31,195408,15.198412698412698,8.0,60.345333333333336,15.747407407407406,-0.5489947089947087
32,195409,11.875,9.0,51.32384142936907,10.735467460760594,1.139532539239406
33,195410,5.030864197530864,10.0,41.71090811391725,5.394948952176249,-0.36408475464538537
34,195411,-0.972222222222222,11.0,32.74397083567022,0.4133171309278993,-1.3855393531501212
35,195412,0.16666666666666669,12.0,25.853336921420883,-3.4148128214328426,3.581479488099509
36,195501,-5.959595959595959,1.0,21.154787234042555,-6.025118203309693,0.06552224371373327
37,195502,-6.623931623931624,2.0,20.899016203703702,-6.167213220164609,-0.4567184037670158
38,195503,-6.666666666666667,3.0,27.792891501870656,-2.337282498960746,-4.329384167705921
39,195504,0.37878787878787873,4.0,38.54665542439573,3.6370307913309596,-3.2582429125430807
40,195505,5.944444444444445,5.0,50.07776590058792,10.0432032781044,-4.098758833659955
41,195506,11.296296296296296,6.0,58.5650723025584,14.758373501421332,-3.462077205125036
42,195507,15.833333333333332,7.0,62.914712153518124,17.174840085287848,-1.3415067519545154
43,195508,19.166666666666668,8.0,60.345333333333336,15.747407407407406,3.4192592592592614
44,195509,13.734567901234568,9.0,51.32384142936907,10.735467460760594,2.999100440473974
45,195510,5.694444444444445,10.0,41.71090811391725,5.394948952176249,0.2994954922681954
46,195511,-2.1825396825396823,11.0,32.74397083567022,0.4133171309278993,-2.5958568134675817
47,195512,-5.083333333333334,12.0,25.853336921420883,-3.4148128214328426,-1.6685205119004913
48,195601,-5.208333333333333,1.0,21.154787234042555,-6.025118203309693,0.8167848699763596
49,195602,-13.5,2.0,20.899016203703702,-6.167213220164609,-7.332786779835391
50,195603,-6.944444444444445,3.0,27.792891501870656,-2.337282498960746,-4.607161945483698
51,195604,-1.9841269841269842,4.0,38.54665542439573,3.6370307913309596,-5.621157775457943
52,195605,7.5,5.0,50.07776590058792,10.0432032781044,-2.5432032781044
53,195606,17.77777777777778,6.0,58.5650723025584,14.758373501421332,3.019404276356447
54,195607,13.472222222222221,7.0,62.914712153518124,17.174840085287848,-3.702617863065626
55,195608,13.232323232323232,8.0,60.345333333333336,15.747407407407406,-2.5150841750841746
56,195609,8.055555555555555,9.0,51.32384142936907,10.735467460760594,-2.6799119052050386
57,195610,4.513888888888889,10.0,41.71090811391725,5.394948952176249,-0.88106006328736
58,195611,-5.694444444444444,11.0,32.74397083567022,0.4133171309278993,-6.107761575372343
59,195612,-1.597222222222222,12.0,25.853336921420883,-3.4148128214328426,1.8175905992106205
60,195701,-3.1018518518518516,1.0,21.154787234042555,-6.025118203309693,2.923266351457841
61,195702,-3.055555555555556,2.0,20.899016203703702,-6.167213220164609,3.111657664609053
62,195703,-6.388888888888889,3.0,27.792891501870656,-2.337282498960746,-4.051606389928143
63,195704,-1.277777777777778,4.0,38.54665542439573,3.6370307913309596,-4.914808569108738
64,195705,5.462962962962963,5.0,50.07776590058792,10.0432032781044,-4.580240315141437
65,195706,11.527777777777777,6.0,58.5650723025584,14.758373501421332,-3.230595723643555
66,195707,17.037037037037038,7.0,62.914712153518124,17.174840085287848,-0.13780304825080947
67,195708,15.625,8.0,60.345333333333336,15.747407407407406,-0.12240740740740641
68,195709,9.520202020202019,9.0,51.32384142936907,10.735467460760594,-1.215265440558575
69,195710,6.186868686868687,10.0,41.71090811391725,5.394948952176249,0.7919197346924376
70,195711,2.9166666666666665,11.0,32.74397083567022,0.4133171309278993,2.503349535738767
71,195712,-0.13888888888888876,12.0,25.853336921420883,-3.4148128214328426,3.2759239325439538
72,195801,-9.0625,1.0,21.154787234042555,-6.025118203309693,-3.0373817966903074
73,195802,-9.583333333333334,2.0,20.899016203703702,-6.167213220164609,-3.4161201131687253
74,195803,-5.520833333333333,3.0,27.792891501870656,-2.337282498960746,-3.183550834372587
75,195804,2.5,4.0,38.54665542439573,3.6370307913309596,-1.1370307913309596
76,195805,7.716049382716049,5.0,50.07776590058792,10.0432032781044,-2.327153895388351
77,195806,14.222222222222223,6.0,58.5650723025584,14.758373501421332,-0.5361512791991085
78,195807,15.055555555555554,7.0,62.914712153518124,17.174840085287848,-2.119284529732294
79,195808,14.166666666666666,8.0,60.345333333333336,15.747407407407406,-1.5807407407407403
80,195809,10.925925925925926,9.0,51.32384142936907,10.735467460760594,0.1904584651653316
81,195810,7.314814814814814,10.0,41.71090811391725,5.394948952176249,1.9198658626385647
82,195811,4.611111111111112,11.0,32.74397083567022,0.4133171309278993,4.197793980183213
83,195812,-6.265432098765432,12.0,25.853336921420883,-3.4148128214328426,-2.8506192773325894
84,195901,-5.295698924731182,1.0,21.154787234042555,-6.025118203309693,0.7294192785785105
85,195902,-2.6587301587301586,2.0,20.899016203703702,-6.167213220164609,3.50848306143445
86,195903,0.5925925925925927,3.0,27.792891501870656,-2.337282498960746,2.9298750915533387
87,195904,3.759259259259259,4.0,38.54665542439573,3.6370307913309596,0.12222846792829944
88,195905,9.390681003584229,5.0,50.07776590058792,10.0432032781044,-0.6525222745201713
89,195906,14.777777777777777,6.0,58.5650723025584,14.758373501421332,0.019404276356445038
90,195907,17.338709677419356,7.0,62.914712153518124,17.174840085287848,0.1638695921315083
91,195908,16.836917562724015,8.0,60.345333333333336,15.747407407407406,1.0895101553166082
92,195909,8.722222222222223,9.0,51.32384142936907,10.735467460760594,-2.013245238538371
93,195910,4.543010752688172,10.0,41.71090811391725,5.394948952176249,-0.8519381994880773
94,195911,1.175925925925926,11.0,32.74397083567022,0.4133171309278993,0.7626087949980267
95,195912,-5.564516129032258,12.0,25.853336921420883,-3.4148128214328426,-2.1497033075994154
96,196001,-10.026881720430106,1.0,21.154787234042555,-6.025118203309693,-4.001763517120414
97,196002,-9.530651340996167,2.0,20.899016203703702,-6.167213220164609,-3.3634381208315585
98,196003,-4.650537634408602,3.0,27.792891501870656,-2.337282498960746,-2.313255135447856
99,196004,1.8518518518518519,4.0,38.54665542439573,3.6370307913309596,-1.7851789394791078
100,196005,10.053763440860216,5.0,50.07776590058792,10.0432032781044,0.010560162755815838
101,196006,16.212962962962962,6.0,58.5650723025584,14.758373501421332,1.4545894615416302
102,196007,17.580645161290324,7.0,62.914712153518124,17.174840085287848,0.4058050760024763
103,196008,15.14336917562724,8.0,60.345333333333336,15.747407407407406,-0.6040382317801658
104,196009,10.175925925925926,9.0,51.32384142936907,10.735467460760594,-0.5595415348346684
105,196010,3.1093189964157704,10.0,41.71090811391725,5.394948952176249,-2.285629955760479
106,196011,-0.7037037037037036,11.0,32.74397083567022,0.4133171309278993,-1.1170208346316028
107,196012,-0.33154121863799285,12.0,25.853336921420883,-3.4148128214328426,3.08327160279485
108,196101,-4.023297491039426,1.0,21.154787234042555,-6.025118203309693,2.0018207122702663
109,196102,-0.47619047619047616,2.0,20.899016203703702,-6.167213220164609,5.691022743974132
110,196103,0.4301075268817204,3.0,27.792891501870656,-2.337282498960746,2.7673900258424666
111,196104,2.101851851851852,4.0,38.54665542439573,3.6370307913309596,-1.5351789394791076
112,196105,9.47132616487455,5.0,50.07776590058792,10.0432032781044,-0.5718771132298492
113,196106,16.555555555555557,6.0,58.5650723025584,14.758373501421332,1.7971820541342254
114,196107,15.627240143369177,7.0,62.914712153518124,17.174840085287848,-1.547599941918671
115,196108,14.068100358422939,8.0,60.345333333333336,15.747407407407406,-1.6793070489844677
116,196109,9.629629629629628,9.0,51.32384142936907,10.735467460760594,-1.105837831130966
117,196110,8.306451612903226,10.0,41.71090811391725,5.394948952176249,2.9115026607269767
118,196111,1.7407407407407407,11.0,32.74397083567022,0.4133171309278993,1.3274236098128414
119,196112,-5.25089605734767,12.0,25.853336921420883,-3.4148128214328426,-1.8360832359148271
120,196201,-4.130824372759856,1.0,21.154787234042555,-6.025118203309693,1.8942938305498362
121,196202,-5.654761904761905,2.0,20.899016203703702,-6.167213220164609,0.5124513154027035
122,196203,-7.768817204301075,3.0,27.792891501870656,-2.337282498960746,-5.431534705340329
123,196204,3.907407407407407,4.0,38.54665542439573,3.6370307913309596,0.27037661607644736
124,196205,8.422939068100357,5.0,50.07776590058792,10.0432032781044,-1.6202642100040432
125,196206,11.694444444444445,6.0,58.5650723025584,14.758373501421332,-3.063929056976887
126,196207,14.668458781362007,7.0,62.914712153518124,17.174840085287848,-2.5063813039258402
127,196208,13.064516129032258,8.0,60.345333333333336,15.747407407407406,-2.6828912783751484
128,196209,9.25925925925926,9.0,51.32384142936907,10.735467460760594,-1.4762082015013345
129,196210,6.801075268817204,10.0,41.71090811391725,5.394948952176249,1.4061263166409548
130,196211,1.5555555555555556,11.0,32.74397083567022,0.4133171309278993,1.1422384246276562
131,196212,-6.980286738351254,12.0,25.853336921420883,-3.4148128214328426,-3.5654739169184118
132,196301,-10.125448028673835,1.0,21.154787234042555,-6.025118203309693,-4.100329825364143
133,196302,-11.041666666666666,2.0,20.899016203703702,-6.167213220164609,-4.8744534465020575
134,196303,-8.915770609318995,3.0,27.792891501870656,-2.337282498960746,-6.578488110358249
135,196304,2.8796296296296293,4.0,38.54665542439573,3.6370307913309596,-0.7574011617013303
136,196305,12.562724014336919,5.0,50.07776590058792,10.0432032781044,2.5195207362325185
137,196306,13.935185185185185,6.0,58.5650723025584,14.758373501421332,-0.8231883162361466
138,196307,16.57706093189964,7.0,62.914712153518124,17.174840085287848,-0.5977791533882062
139,196308,16.200716845878137,8.0,60.345333333333336,15.747407407407406,0.4533094384707308
140,196309,12.49074074074074,9.0,51.32384142936907,10.735467460760594,1.7552732799801465
141,196310,5.53763440860215,10.0,41.71090811391725,5.394948952176249,0.1426854564259008
142,196311,-0.4444444444444445,11.0,32.74397083567022,0.4133171309278993,-0.8577615753723438
143,196312,-4.39068100358423,12.0,25.853336921420883,-3.4148128214328426,-0.975868182151387
144,196401,-3.118279569892473,1.0,21.154787234042555,-6.025118203309693,2.9068386334172196
145,196402,-9.559386973180077,2.0,20.899016203703702,-6.167213220164609,-3.3921737530154683
146,196403,-4.767025089605735,3.0,27.792891501870656,-2.337282498960746,-2.4297425906449885
147,196404,3.240740740740741,4.0,38.54665542439573,3.6370307913309596,-0.3962900505902187
148,196405,9.318996415770608,5.0,50.07776590058792,10.0432032781044,-0.7242068623337925
149,196406,14.342592592592592,6.0,58.5650723025584,14.758373501421332,-0.4157809088287401
150,196407,16.066308243727597,7.0,62.914712153518124,17.174840085287848,-1.10853184156025
151,196408,14.525089605734767,8.0,60.345333333333336,15.747407407407406,-1.2223178016726397
152,196409,9.99074074074074,9.0,51.32384142936907,10.735467460760594,-0.7447267200198535
153,196410,7.051971326164875,10.0,41.71090811391725,5.394948952176249,1.6570223739886254
154,196411,-0.6944444444444445,11.0,32.74397083567022,0.4133171309278993,-1.1077615753723438
155,196412,-2.598566308243728,12.0,25.853336921420883,-3.4148128214328426,0.8162465131891148
156,196501,-3.575268817204301,1.0,21.154787234042555,-6.025118203309693,2.4498493861053916
157,196502,-8.115079365079366,2.0,20.899016203703702,-6.167213220164609,-1.947866144914757
158,196503,-3.906810035842294,3.0,27.792891501870656,-2.337282498960746,-1.569527536881548
159,196504,3.3333333333333335,4.0,38.54665542439573,3.6370307913309596,-0.30369745799762615
160,196505,6.344086021505376,5.0,50.07776590058792,10.0432032781044,-3.699117256599024
161,196506,14.805555555555555,6.0,58.5650723025584,14.758373501421332,0.047182054134223606
162,196507,14.086021505376344,7.0,62.914712153518124,17.174840085287848,-3.0888185799115035
163,196508,14.265232974910395,8.0,60.345333333333336,15.747407407407406,-1.4821744324970112
164,196509,12.351851851851851,9.0,51.32384142936907,10.735467460760594,1.6163843910912572
165,196510,5.564516129032258,10.0,41.71090811391725,5.394948952176249,0.16956717685600875
166,196511,-4.361111111111112,11.0,32.74397083567022,0.4133171309278993,-4.7744282420390105
167,196512,-3.8530465949820787,12.0,25.853336921420883,-3.4148128214328426,-0.4382337735492361
168,196601,-14.005376344086022,1.0,21.154787234042555,-6.025118203309693,-7.980258140776329
169,196602,-13.472222222222223,2.0,20.899016203703702,-6.167213220164609,-7.305009002057615
170,196603,-2.616487455197132,3.0,27.792891501870656,-2.337282498960746,-0.2792049562363861
171,196604,-0.08333333333333333,4.0,38.54665542439573,3.6370307913309596,-3.720364124664293
172,196605,9.390681003584229,5.0,50.07776590058792,10.0432032781044,-0.6525222745201713
173,196606,16.63888888888889,6.0,58.5650723025584,14.758373501421332,1.8805153874675575
174,196607,17.831541218637994,7.0,62.914712153518124,17.174840085287848,0.6567011333501469
175,196608,14.569892473118278,8.0,60.345333333333336,15.747407407407406,-1.1775149342891282
176,196609,9.0,9.0,51.32384142936907,10.735467460760594,-1.735467460760594
177,196610,4.92831541218638,10.0,41.71090811391725,5.394948952176249,-0.46663353998986956
178,196611,1.7592592592592593,11.0,32.74397083567022,0.4133171309278993,1.34594212833136
179,196612,-4.426523297491039,12.0,25.853336921420883,-3.4148128214328426,-1.0117104760581968
180,196701,-11.505376344086022,1.0,21.154787234042555,-6.025118203309693,-5.480258140776329
181,196702,-5.763888888888888,2.0,20.899016203703702,-6.167213220164609,0.4033243312757202
182,196703,0.5017921146953405,3.0,27.792891501870656,-2.337282498960746,2.8390746136560865
183,196704,3.509259259259259,4.0,38.54665542439573,3.6370307913309596,-0.12777153207170056
184,196705,9.802867383512543,5.0,50.07776590058792,10.0432032781044,-0.24033589459185656
185,196706,13.703703703703702,6.0,58.5650723025584,14.758373501421332,-1.0546697977176294
186,196707,16.523297491039425,7.0,62.914712153518124,17.174840085287848,-0.6515425942484221
187,196708,16.263440860215056,8.0,60.345333333333336,15.747407407407406,0.5160334528076493
188,196709,12.537037037037036,9.0,51.32384142936907,10.735467460760594,1.8015695762764423
189,196710,8.216845878136201,10.0,41.71090811391725,5.394948952176249,2.821896925959952
190,196711,3.194444444444444,11.0,32.74397083567022,0.4133171309278993,2.781127313516545
191,196712,-10.21505376344086,12.0,25.853336921420883,-3.4148128214328426,-6.800240942008017
192,196801,-14.955197132616487,1.0,21.154787234042555,-6.025118203309693,-8.930078929306795
193,196802,-5.584291187739463,2.0,20.899016203703702,-6.167213220164609,0.5829220324251452
194,196803,-0.9587813620071685,3.0,27.792891501870656,-2.337282498960746,1.3785011369535778
195,196804,4.203703703703704,4.0,38.54665542439573,3.6370307913309596,0.5666729123727445
196,196805,7.831541218637993,5.0,50.07776590058792,10.0432032781044,-2.2116620594664074
197,196806,16.583333333333332,6.0,58.5650723025584,14.758373501421332,1.8249598319120004
198,196807,15.295698924731182,7.0,62.914712153518124,17.174840085287848,-1.8791411605566655
199,196808,16.594982078853047,8.0,60.345333333333336,15.747407407407406,0.8475746714456402
200,196809,10.935185185185185,9.0,51.32384142936907,10.735467460760594,0.19971772442459113
201,196810,2.6523297491039424,10.0,41.71090811391725,5.394948952176249,-2.742619203072307
202,196811,-1.3333333333333333,11.0,32.74397083567022,0.4133171309278993,-1.7466504642612326
203,196812,-2.0519713261648747,12.0,25.853336921420883,-3.4148128214328426,1.362841495267968
204,196901,-9.713261648745519,1.0,21.154787234042555,-6.025118203309693,-3.688143445435826
205,196902,-9.662698412698413,2.0,20.899016203703702,-6.167213220164609,-3.4954851925338044
206,196903,-6.406810035842294,3.0,27.792891501870656,-2.337282498960746,-4.069527536881548
207,196904,3.6296296296296293,4.0,38.54665542439573,3.6370307913309596,-0.007401161701330317
208,196905,8.951612903225806,5.0,50.07776590058792,10.0432032781044,-1.091590374878594
209,196906,15.731481481481483,6.0,58.5650723025584,14.758373501421332,0.973107980060151
210,196907,16.872759856630825,7.0,62.914712153518124,17.174840085287848,-0.30208022865702233
211,196908,16.523297491039425,8.0,60.345333333333336,15.747407407407406,0.7758900836320191
212,196909,10.064814814814815,9.0,51.32384142936907,10.735467460760594,-0.6706526459457791
213,196910,5.32258064516129,10.0,41.71090811391725,5.394948952176249,-0.07236830701495922
214,196911,-0.24999999999999997,11.0,32.74397083567022,0.4133171309278993,-0.6633171309278992
215,196912,-7.10573476702509,12.0,25.853336921420883,-3.4148128214328426,-3.690921945592247
216,197001,-10.376344086021506,1.0,21.154787234042555,-6.025118203309693,-4.351225882711813
217,197002,-12.410714285714286,2.0,20.899016203703702,-6.167213220164609,-6.243501065549678
218,197003,-2.508960573476702,3.0,27.792891501870656,-2.337282498960746,-0.17167807451595607
219,197004,1.6388888888888888,4.0,38.54665542439573,3.6370307913309596,-1.9981419024420708
220,197005,9.82078853046595,5.0,50.07776590058792,10.0432032781044,-0.22241474763844948
221,197006,16.60185185185185,6.0,58.5650723025584,14.758373501421332,1.8434783504305194
222,197007,16.729390681003583,7.0,62.914712153518124,17.174840085287848,-0.4454494042842647
223,197008,15.78853046594982,8.0,60.345333333333336,15.747407407407406,0.04112305854241427
224,197009,10.046296296296296,9.0,51.32384142936907,10.735467460760594,-0.6891711644642982
225,197010,4.103942652329748,10.0,41.71090811391725,5.394948952176249,-1.2910062998465008
226,197011,-0.9444444444444443,11.0,32.74397083567022,0.4133171309278993,-1.3577615753723435
227,197012,-2.661290322580645,12.0,25.853336921420883,-3.4148128214328426,0.7535224988521976
228,197101,-2.5537634408602146,1.0,21.154787234042555,-6.025118203309693,3.471354762449478
229,197102,-6.398809523809524,2.0,20.899016203703702,-6.167213220164609,-0.23159630364491512
230,197103,-5.188172043010753,3.0,27.792891501870656,-2.337282498960746,-2.850889544050007
231,197104,2.074074074074074,4.0,38.54665542439573,3.6370307913309596,-1.5629567172568857
232,197105,10.412186379928315,5.0,50.07776590058792,10.0432032781044,0.3689831018239147
233,197106,14.037037037037036,6.0,58.5650723025584,14.758373501421332,-0.7213364643842954
234,197107,16.75627240143369,7.0,62.914712153518124,17.174840085287848,-0.41856768385415677
235,197108,15.93189964157706,8.0,60.345333333333336,15.747407407407406,0.1844922341696531
236,197109,9.083333333333334,9.0,51.32384142936907,10.735467460760594,-1.65213412742726
237,197110,4.399641577060931,10.0,41.71090811391725,5.394948952176249,-0.9953073751153179
238,197111,-1.75,11.0,32.74397083567022,0.4133171309278993,-2.1633171309278993
239,197112,-2.625448028673835,12.0,25.853336921420883,-3.4148128214328426,0.7893647927590077
240,197201,-8.951612903225806,1.0,21.154787234042555,-6.025118203309693,-2.9264946999161134
241,197202,-4.693486590038314,2.0,20.899016203703702,-6.167213220164609,1.4737266301262943
242,197203,-2.939068100358423,3.0,27.792891501870656,-2.337282498960746,-0.601785601397677
243,197204,2.287037037037037,4.0,38.54665542439573,3.6370307913309596,-1.3499937542939224
244,197205,9.220430107526882,5.0,50.07776590058792,10.0432032781044,-0.8227731705775181
245,197206,16.22222222222222,6.0,58.5650723025584,14.758373501421332,1.4638487208008897
246,197207,19.551971326164875,7.0,62.914712153518124,17.174840085287848,2.377131240877027
247,197208,16.594982078853047,8.0,60.345333333333336,15.747407407407406,0.8475746714456402
248,197209,10.37037037037037,9.0,51.32384142936907,10.735467460760594,-0.36509709039022376
249,197210,4.534050179211469,10.0,41.71090811391725,5.394948952176249,-0.8608987729647799
250,197211,0.5740740740740741,11.0,32.74397083567022,0.4133171309278993,0.16075694314617478
251,197212,1.6308243727598566,12.0,25.853336921420883,-3.4148128214328426,5.045637194192699
252,197301,-1.9802867383512543,1.0,21.154787234042555,-6.025118203309693,4.044831464958438
253,197302,-4.662698412698412,2.0,20.899016203703702,-6.167213220164609,1.5045148074661965
254,197303,-1.1200716845878136,3.0,27.792891501870656,-2.337282498960746,1.2172108143729325
255,197304,2.9814814814814814,4.0,38.54665542439573,3.6370307913309596,-0.6555493098494782
256,197305,10.044802867383511,5.0,50.07776590058792,10.0432032781044,0.001599589279111413
257,197306,16.444444444444443,6.0,58.5650723025584,14.758373501421332,1.6860709430231111
258,197307,19.372759856630825,7.0,62.914712153518124,17.174840085287848,2.1979197713429777
259,197308,14.79390681003584,8.0,60.345333333333336,15.747407407407406,-0.9535005973715656
260,197309,7.009259259259259,9.0,51.32384142936907,10.735467460760594,-3.7262082015013354
261,197310,2.302867383512545,10.0,41.71090811391725,5.394948952176249,-3.0920815686637044
262,197311,-3.537037037037037,11.0,32.74397083567022,0.4133171309278993,-3.9503541679649365
263,197312,-6.908602150537634,12.0,25.853336921420883,-3.4148128214328426,-3.4937893291047915
264,197401,-3.1182795698924735,1.0,21.154787234042555,-6.025118203309693,2.906838633417219
265,197402,-0.5456349206349207,2.0,20.899016203703702,-6.167213220164609,5.621578299529688
266,197403,-1.1648745519713262,3.0,27.792891501870656,-2.337282498960746,1.17240794698942
267,197404,2.638888888888889,4.0,38.54665542439573,3.6370307913309596,-0.9981419024420708
268,197405,6.962365591397849,5.0,50.07776590058792,10.0432032781044,-3.080837686706551
269,197406,14.092592592592592,6.0,58.5650723025584,14.758373501421332,-0.6657809088287401
270,197407,15.689964157706092,7.0,62.914712153518124,17.174840085287848,-1.484875927581756
271,197408,14.892473118279568,8.0,60.345333333333336,15.747407407407406,-0.8549342891278382
272,197409,12.203703703703702,9.0,51.32384142936907,10.735467460760594,1.4682362429431084
273,197410,5.681003584229391,10.0,41.71090811391725,5.394948952176249,0.2860546320531414
274,197411,2.0925925925925926,11.0,32.74397083567022,0.4133171309278993,1.6792754616646932
275,197412,0.528673835125448,12.0,25.853336921420883,-3.4148128214328426,3.9434866565582904
276,197501,-1.550179211469534,1.0,21.154787234042555,-6.025118203309693,4.474938991840158
277,197502,-3.0654761904761902,2.0,20.899016203703702,-6.167213220164609,3.1017370296884184
278,197503,-0.07168458781362001,3.0,27.792891501870656,-2.337282498960746,2.2655979111471263
279,197504,3.4907407407407405,4.0,38.54665542439573,3.6370307913309596,-0.14629005059021916
280,197505,11.469534050179211,5.0,50.07776590058792,10.0432032781044,1.4263307720748113
281,197506,13.231481481481483,6.0,58.5650723025584,14.758373501421332,-1.526892019939849
282,197507,17.455197132616487,7.0,62.914712153518124,17.174840085287848,0.2803570473286392
283,197508,16.19175627240143,8.0,60.345333333333336,15.747407407407406,0.4443488649940246
284,197509,12.833333333333334,9.0,51.32384142936907,10.735467460760594,2.09786587257274
285,197510,4.910394265232975,10.0,41.71090811391725,5.394948952176249,-0.48455468694327397
286,197511,0.75,11.0,32.74397083567022,0.4133171309278993,0.3366828690721007
287,197512,-2.302867383512545,12.0,25.853336921420883,-3.4148128214328426,1.1119454379202978
288,197601,-10.57347670250896,1.0,21.154787234042555,-6.025118203309693,-4.548358499199268
289,197602,-7.557471264367816,2.0,20.899016203703702,-6.167213220164609,-1.3902580442032075
290,197603,-5.295698924731182,3.0,27.792891501870656,-2.337282498960746,-2.958416425770436
291,197604,1.925925925925926,4.0,38.54665542439573,3.6370307913309596,-1.7111048654050336
292,197605,10.716845878136201,5.0,50.07776590058792,10.0432032781044,0.6736426000318012
293,197606,12.916666666666666,6.0,58.5650723025584,14.758373501421332,-1.8417068347546657
294,197607,15.358422939068099,7.0,62.914712153518124,17.174840085287848,-1.8164171462197487
295,197608,15.044802867383511,8.0,60.345333333333336,15.747407407407406,-0.7026045400238949
296,197609,8.203703703703704,9.0,51.32384142936907,10.735467460760594,-2.53176375705689
297,197610,1.3978494623655915,10.0,41.71090811391725,5.394948952176249,-3.9970994898106578
298,197611,0.4259259259259258,11.0,32.74397083567022,0.4133171309278993,0.012608794998026529
299,197612,-4.78494623655914,12.0,25.853336921420883,-3.4148128214328426,-1.3701334151262974
300,197701,-6.998207885304659,1.0,21.154787234042555,-6.025118203309693,-0.9730896819949661
301,197702,-9.087301587301587,2.0,20.899016203703702,-6.167213220164609,-2.9200883671369784
302,197703,-2.311827956989247,3.0,27.792891501870656,-2.337282498960746,0.0254545419714991
303,197704,1.7962962962962963,4.0,38.54665542439573,3.6370307913309596,-1.8407344950346634
304,197705,9.56989247311828,5.0,50.07776590058792,10.0432032781044,-0.4733108049861201
305,197706,13.925925925925926,6.0,58.5650723025584,14.758373501421332,-0.8324475754954062
306,197707,14.56989247311828,7.0,62.914712153518124,17.174840085287848,-2.6049476121695676
307,197708,14.543010752688172,8.0,60.345333333333336,15.747407407407406,-1.2043966547192344
308,197709,8.092592592592592,9.0,51.32384142936907,10.735467460760594,-2.6428748681680023
309,197710,4.96415770609319,10.0,41.71090811391725,5.394948952176249,-0.43079124608305897
310,197711,1.287037037037037,11.0,32.74397083567022,0.4133171309278993,0.8737199061091376
311,197712,-4.130824372759856,12.0,25.853336921420883,-3.4148128214328426,-0.7160115513270138
312,197801,-6.299283154121864,1.0,21.154787234042555,-6.025118203309693,-0.27416495081217107
313,197802,-11.795634920634921,2.0,20.899016203703702,-6.167213220164609,-5.628421700470312
314,197803,-2.96594982078853,3.0,27.792891501870656,-2.337282498960746,-0.6286673218277841
315,197804,2.0277777777777777,4.0,38.54665542439573,3.6370307913309596,-1.609253013553182
316,197805,9.802867383512543,5.0,50.07776590058792,10.0432032781044,-0.24033589459185656
317,197806,14.25925925925926,6.0,58.5650723025584,14.758373501421332,-0.49911424216207223
318,197807,15.0,7.0,62.914712153518124,17.174840085287848,-2.1748400852878476
319,197808,13.646953405017921,8.0,60.345333333333336,15.747407407407406,-2.100454002389485
320,197809,8.694444444444445,9.0,51.32384142936907,10.735467460760594,-2.0410230163161494
321,197810,3.539426523297491,10.0,41.71090811391725,5.394948952176249,-1.8555224288787584
322,197811,1.7314814814814814,11.0,32.74397083567022,0.4133171309278993,1.318164350553582
323,197812,-12.948028673835124,12.0,25.853336921420883,-3.4148128214328426,-9.53321585240228
324,197901,-9.166666666666668,1.0,21.154787234042555,-6.025118203309693,-3.1415484633569752
325,197902,-10.05952380952381,2.0,20.899016203703702,-6.167213220164609,-3.8923105893592016
326,197903,-1.8369175627240142,3.0,27.792891501870656,-2.337282498960746,0.500364936236732
327,197904,1.9166666666666667,4.0,38.54665542439573,3.6370307913309596,-1.720364124664293
328,197905,10.627240143369177,5.0,50.07776590058792,10.0432032781044,0.5840368652647765
329,197906,15.63888888888889,6.0,58.5650723025584,14.758373501421332,0.8805153874675575
330,197907,14.632616487455197,7.0,62.914712153518124,17.174840085287848,-2.542223597832651
331,197908,15.940860215053762,8.0,60.345333333333336,15.747407407407406,0.19345280764635575
332,197909,9.453703703703702,9.0,51.32384142936907,10.735467460760594,-1.2817637570568916
333,197910,4.014336917562724,10.0,41.71090811391725,5.394948952176249,-1.3806120346135256
334,197911,1.3796296296296295,11.0,32.74397083567022,0.4133171309278993,0.9663124987017302
335,197912,-4.247311827956989,12.0,25.853336921420883,-3.4148128214328426,-0.8324990065241464
336,198001,-9.014336917562725,1.0,21.154787234042555,-6.025118203309693,-2.989218714253032
337,198002,-8.659003831417625,2.0,20.899016203703702,-6.167213220164609,-2.491790611253016
338,198003,-6.362007168458781,3.0,27.792891501870656,-2.337282498960746,-4.024724669498035
339,198004,5.435185185185185,4.0,38.54665542439573,3.6370307913309596,1.7981543938542255
340,198005,7.374551971326165,5.0,50.07776590058792,10.0432032781044,-2.6686513067782354
341,198006,16.675925925925927,6.0,58.5650723025584,14.758373501421332,1.9175524245045956
342,198007,16.586021505376344,7.0,62.914712153518124,17.174840085287848,-0.5888185799115035
343,198008,15.134408602150538,8.0,60.345333333333336,15.747407407407406,-0.6129988052568685
344,198009,11.101851851851851,9.0,51.32384142936907,10.735467460760594,0.3663843910912572
345,198010,5.483870967741935,10.0,41.71090811391725,5.394948952176249,0.0889220155656858
346,198011,-2.6203703703703707,11.0,32.74397083567022,0.4133171309278993,-3.03368750129827
347,198012,-3.5842293906810037,12.0,25.853336921420883,-3.4148128214328426,-0.16941656924816106
348,198101,-4.471326164874552,1.0,21.154787234042555,-6.025118203309693,1.553792038435141
349,198102,-6.378968253968254,2.0,20.899016203703702,-6.167213220164609,-0.21175503380364535
350,198103,-6.155913978494624,3.0,27.792891501870656,-2.337282498960746,-3.818631479533878
351,198104,1.9814814814814814,4.0,38.54665542439573,3.6370307913309596,-1.6555493098494782
352,198105,10.913978494623656,5.0,50.07776590058792,10.0432032781044,0.8707752165192559
353,198106,13.25925925925926,6.0,58.5650723025584,14.758373501421332,-1.4991142421620722
354,198107,16.845878136200714,7.0,62.914712153518124,17.174840085287848,-0.32896194908713383
355,198108,14.435483870967742,8.0,60.345333333333336,15.747407407407406,-1.3119235364396644
356,198109,10.24074074074074,9.0,51.32384142936907,10.735467460760594,-0.4947267200198535
357,198110,6.263440860215053,10.0,41.71090811391725,5.394948952176249,0.8684919080388038
358,198111,-0.27777777777777773,11.0,32.74397083567022,0.4133171309278993,-0.691094908705677
359,198112,-6.379928315412186,12.0,25.853336921420883,-3.4148128214328426,-2.965115493979343
360,198201,-10.564516129032258,1.0,21.154787234042555,-6.025118203309693,-4.539397925722565
361,198202,-5.7440476190476195,2.0,20.899016203703702,-6.167213220164609,0.4231656011169891
362,198203,-0.35842293906810024,3.0,27.792891501870656,-2.337282498960746,1.978859559892646
363,198204,2.9814814814814814,4.0,38.54665542439573,3.6370307913309596,-0.6555493098494782
364,198205,9.292114695340501,5.0,50.07776590058792,10.0432032781044,-0.7510885827638987
365,198206,11.444444444444445,6.0,58.5650723025584,14.758373501421332,-3.313929056976887
366,198207,16.899641577060933,7.0,62.914712153518124,17.174840085287848,-0.2751985082269144
367,198208,15.913978494623656,8.0,60.345333333333336,15.747407407407406,0.16657108721624958
368,198209,10.314814814814815,9.0,51.32384142936907,10.735467460760594,-0.4206526459457791
369,198210,4.937275985663082,10.0,41.71090811391725,5.394948952176249,-0.4576729665131669
370,198211,3.25,11.0,32.74397083567022,0.4133171309278993,2.8366828690721007
371,198212,-0.5197132616487455,12.0,25.853336921420883,-3.4148128214328426,2.895099559784097
372,198301,-1.8458781362007168,1.0,21.154787234042555,-6.025118203309693,4.179240067108976
373,198302,-8.045634920634921,2.0,20.899016203703702,-6.167213220164609,-1.8784217004703123
374,198303,-2.732974910394265,3.0,27.792891501870656,-2.337282498960746,-0.39569241143351874
375,198304,5.509259259259259,4.0,38.54665542439573,3.6370307913309596,1.872228467928299
376,198305,11.630824372759855,5.0,50.07776590058792,10.0432032781044,1.5876210946554554
377,198306,13.555555555555554,6.0,58.5650723025584,14.758373501421332,-1.2028179458657782
378,198307,17.688172043010756,7.0,62.914712153518124,17.174840085287848,0.5133319577229081
379,198308,15.761648745519713,8.0,60.345333333333336,15.747407407407406,0.014241338112306323
380,198309,11.62037037037037,9.0,51.32384142936907,10.735467460760594,0.8849029096097762
381,198310,5.636200716845878,10.0,41.71090811391725,5.394948952176249,0.24125176466962905
382,198311,-1.6203703703703705,11.0,32.74397083567022,0.4133171309278993,-2.0336875012982696
383,198312,-2.8853046594982077,12.0,25.853336921420883,-3.4148128214328426,0.5295081619346349
384,198401,-4.92831541218638,1.0,21.154787234042555,-6.025118203309693,1.096802791123313
385,198402,-5.603448275862069,2.0,20.899016203703702,-6.167213220164609,0.5637649443025392
386,198403,-4.408602150537634,3.0,27.792891501870656,-2.337282498960746,-2.071319651576888
387,198404,4.962962962962963,4.0,38.54665542439573,3.6370307913309596,1.3259321716320032
388,198405,12.598566308243727,5.0,50.07776590058792,10.0432032781044,2.5553630301393273
389,198406,13.935185185185185,6.0,58.5650723025584,14.758373501421332,-0.8231883162361466
390,198407,15.412186379928315,7.0,62.914712153518124,17.174840085287848,-1.7626537053595328
391,198408,15.026881720430106,8.0,60.345333333333336,15.747407407407406,-0.7205256869773002
392,198409,10.092592592592592,9.0,51.32384142936907,10.735467460760594,-0.6428748681680023
393,198410,6.863799283154122,10.0,41.71090811391725,5.394948952176249,1.4688503309778724
394,198411,1.1296296296296295,11.0,32.74397083567022,0.4133171309278993,0.7163124987017302
395,198412,-2.03405017921147,12.0,25.853336921420883,-3.4148128214328426,1.3807626422213728
396,198501,-15.456989247311826,1.0,21.154787234042555,-6.025118203309693,-9.431871044002133
397,198502,-15.009920634920634,2.0,20.899016203703702,-6.167213220164609,-8.842707414756026
398,198503,-2.634408602150538,3.0,27.792891501870656,-2.337282498960746,-0.2971261031897918
399,198504,1.1851851851851853,4.0,38.54665542439573,3.6370307913309596,-2.451845606145774
400,198505,9.193548387096774,5.0,50.07776590058792,10.0432032781044,-0.849654891007626
401,198506,13.481481481481483,6.0,58.5650723025584,14.758373501421332,-1.276892019939849
402,198507,15.842293906810035,7.0,62.914712153518124,17.174840085287848,-1.3325461784778128
403,198508,16.603942652329746,8.0,60.345333333333336,15.747407407407406,0.8565352449223393
404,198509,9.574074074074074,9.0,51.32384142936907,10.735467460760594,-1.1613933866865196
405,198510,7.204301075268818,10.0,41.71090811391725,5.394948952176249,1.8093521230925687
406,198511,-1.675925925925926,11.0,32.74397083567022,0.4133171309278993,-2.0892430568538254
407,198512,-6.971326164874552,12.0,25.853336921420883,-3.4148128214328426,-3.556513343441709
408,198601,-7.992831541218638,1.0,21.154787234042555,-6.025118203309693,-1.967713337908945
409,198602,-11.755952380952381,2.0,20.899016203703702,-6.167213220164609,-5.588739160787773
410,198603,-1.0483870967741935,3.0,27.792891501870656,-2.337282498960746,1.2888954021865526
411,198604,1.1111111111111112,4.0,38.54665542439573,3.6370307913309596,-2.5259196802198485
412,198605,10.632183908045976,5.0,50.07776590058792,10.0432032781044,0.5889806299415756
413,198606,16.49074074074074,6.0,58.5650723025584,14.758373501421332,1.7323672393194087
414,198607,17.051971326164875,7.0,62.914712153518124,17.174840085287848,-0.1228687591229729
415,198608,13.987455197132615,8.0,60.345333333333336,15.747407407407406,-1.7599522102747915
416,198609,7.231481481481481,9.0,51.32384142936907,10.735467460760594,-3.503985979279113
417,198610,5.698924731182795,10.0,41.71090811391725,5.394948952176249,0.3039757790065458
418,198611,3.185185185185185,11.0,32.74397083567022,0.4133171309278993,2.7718680542572858
419,198612,-7.311827956989247,12.0,25.853336921420883,-3.4148128214328426,-3.8970151355564044
420,198701,-17.822580645161292,1.0,21.154787234042555,-6.025118203309693,-11.7974624418516
421,198702,-6.79563492063492,2.0,20.899016203703702,-6.167213220164609,-0.6284217004703114
422,198703,-6.335125448028673,3.0,27.792891501870656,-2.337282498960746,-3.9978429490679273
423,198704,2.805555555555556,4.0,38.54665542439573,3.6370307913309596,-0.8314752357754038
424,198705,8.440860215053764,5.0,50.07776590058792,10.0432032781044,-1.6023430630506361
425,198706,12.62037037037037,6.0,58.5650723025584,14.758373501421332,-2.1380031310509615
426,198707,15.152329749103943,7.0,62.914712153518124,17.174840085287848,-2.0225103361839043
427,198708,12.706093189964157,8.0,60.345333333333336,15.747407407407406,-3.041314217443249
428,198709,9.296296296296298,9.0,51.32384142936907,10.735467460760594,-1.4391711644642964
429,198710,7.051971326164875,10.0,41.71090811391725,5.394948952176249,1.6570223739886254
430,198711,-0.3425925925925926,11.0,32.74397083567022,0.4133171309278993,-0.7559097235204919
431,198712,-4.650537634408602,12.0,25.853336921420883,-3.4148128214328426,-1.2357248129757594
432,198801,-2.60752688172043,1.0,21.154787234042555,-6.025118203309693,3.4175913215892626
433,198802,-4.07088122605364,2.0,20.899016203703702,-6.167213220164609,2.096331994110969
434,198803,-3.2437275985663083,3.0,27.792891501870656,-2.337282498960746,-0.9064450996055622
435,198804,1.8518518518518519,4.0,38.54665542439573,3.6370307913309596,-1.7851789394791078
436,198805,11.612903225806452,5.0,50.07776590058792,10.0432032781044,1.569699947702052
437,198806,17.064814814814817,6.0,58.5650723025584,14.758373501421332,2.306441313393485
438,198807,19.50716845878136,7.0,62.914712153518124,17.174840085287848,2.332328373493514
439,198808,14.85663082437276,8.0,60.345333333333336,15.747407407407406,-0.890776583034647
440,198809,11.138888888888888,9.0,51.32384142936907,10.735467460760594,0.4034214281282935
441,198810,4.704301075268817,10.0,41.71090811391725,5.394948952176249,-0.6906478769074322
442,198811,-3.574074074074074,11.0,32.74397083567022,0.4133171309278993,-3.9873912050019733
443,198812,-6.594982078853046,12.0,25.853336921420883,-3.4148128214328426,-3.180169257420203
444,198901,-0.5376344086021505,1.0,21.154787234042555,-6.025118203309693,5.487483794707542
445,198902,0.2976190476190476,2.0,20.899016203703702,-6.167213220164609,6.464832267783656
446,198903,1.586021505376344,3.0,27.792891501870656,-2.337282498960746,3.92330400433709
447,198904,5.75,4.0,38.54665542439573,3.6370307913309596,2.1129692086690404
448,198905,10.63620071684588,5.0,50.07776590058792,10.0432032781044,0.5929974387414791
449,198906,15.657407407407408,6.0,58.5650723025584,14.758373501421332,0.8990339059860766
450,198907,17.123655913978496,7.0,62.914712153518124,17.174840085287848,-0.05118417130935171
451,198908,14.24731182795699,8.0,60.345333333333336,15.747407407407406,-1.5000955794504165
452,198909,11.333333333333334,9.0,51.32384142936907,10.735467460760594,0.5978658725727399
453,198910,5.32258064516129,10.0,41.71090811391725,5.394948952176249,-0.07236830701495922
454,198911,0.13888888888888898,11.0,32.74397083567022,0.4133171309278993,-0.2744282420390103
455,198912,-5.044802867383512,12.0,25.853336921420883,-3.4148128214328426,-1.6299900459506698
456,199001,-4.220430107526881,1.0,21.154787234042555,-6.025118203309693,1.8046880957828115
457,199002,1.0416666666666667,2.0,20.899016203703702,-6.167213220164609,7.208879886831276
458,199003,1.1111111111111112,3.0,27.792891501870656,-2.337282498960746,3.4483936100718573
459,199004,6.203703703703704,4.0,38.54665542439573,3.6370307913309596,2.5666729123727445
460,199005,9.686379928315413,5.0,50.07776590058792,10.0432032781044,-0.35682334978898744
461,199006,13.916666666666666,6.0,58.5650723025584,14.758373501421332,-0.8417068347546657
462,199007,15.707885304659499,7.0,62.914712153518124,17.174840085287848,-1.466954780628349
463,199008,15.474910394265233,8.0,60.345333333333336,15.747407407407406,-0.2724970131421731
464,199009,8.657407407407408,9.0,51.32384142936907,10.735467460760594,-2.0780600533531857
465,199010,5.295698924731182,10.0,41.71090811391725,5.394948952176249,-0.09925002744506717
466,199011,-1.3425925925925923,11.0,32.74397083567022,0.4133171309278993,-1.7559097235204917
467,199012,-1.2096774193548387,12.0,25.853336921420883,-3.4148128214328426,2.205135402078004
468,199101,-3.378136200716846,1.0,21.154787234042555,-6.025118203309693,2.6469820025928468
469,199102,-6.299603174603175,2.0,20.899016203703702,-6.167213220164609,-0.13238995443856627
470,199103,-0.6899641577060932,3.0,27.792891501870656,-2.337282498960746,1.6473183412546528
471,199104,3.8796296296296293,4.0,38.54665542439573,3.6370307913309596,0.24259883829866968
472,199105,7.813620071684588,5.0,50.07776590058792,10.0432032781044,-2.229583206419812
473,199106,12.87037037037037,6.0,58.5650723025584,14.758373501421332,-1.8880031310509615
474,199107,17.517921146953405,7.0,62.914712153518124,17.174840085287848,0.34308106166555774
475,199108,16.953405017921146,8.0,60.345333333333336,15.747407407407406,1.205997610513739
476,199109,10.046296296296296,9.0,51.32384142936907,10.735467460760594,-0.6891711644642982
477,199110,6.048387096774194,10.0,41.71090811391725,5.394948952176249,0.6534381445979447
478,199111,2.962962962962963,11.0,32.74397083567022,0.4133171309278993,2.5496458320350635
479,199112,-1.2634408602150538,12.0,25.853336921420883,-3.4148128214328426,2.151371961217789
480,199201,-1.9713261648745521,1.0,21.154787234042555,-6.025118203309693,4.053792038435141
481,199202,-2.3180076628352486,2.0,20.899016203703702,-6.167213220164609,3.84920555732936
482,199203,1.1111111111111112,3.0,27.792891501870656,-2.337282498960746,3.4483936100718573
483,199204,2.314814814814815,4.0,38.54665542439573,3.6370307913309596,-1.3222159765161448
484,199205,11.245519713261649,5.0,50.07776590058792,10.0432032781044,1.2023164351572486
485,199206,15.537037037037036,6.0,58.5650723025584,14.758373501421332,0.7786635356157046
486,199207,16.810035842293907,7.0,62.914712153518124,17.174840085287848,-0.3648042429939409
487,199208,15.07168458781362,8.0,60.345333333333336,15.747407407407406,-0.675722819593787
488,199209,12.092592592592592,9.0,51.32384142936907,10.735467460760594,1.3571251318319977
489,199210,0.5017921146953405,10.0,41.71090811391725,5.394948952176249,-4.893156837480909
490,199211,-1.3333333333333333,11.0,32.74397083567022,0.4133171309278993,-1.7466504642612326
491,199212,0.21505376344086025,12.0,25.853336921420883,-3.4148128214328426,3.629866584873703
492,199301,-2.03405017921147,1.0,21.154787234042555,-6.025118203309693,3.991068024098223
493,199302,-2.876984126984127,2.0,20.899016203703702,-6.167213220164609,3.2902290931804816
494,199303,-0.546594982078853,3.0,27.792891501870656,-2.337282498960746,1.790687516881893
495,199304,3.898148148148148,4.0,38.54665542439573,3.6370307913309596,0.2611173568171883
496,199305,13.091397849462364,5.0,50.07776590058792,10.0432032781044,3.048194571357964
497,199306,12.175925925925926,6.0,58.5650723025584,14.758373501421332,-2.582447575495406
498,199307,15.86021505376344,7.0,62.914712153518124,17.174840085287848,-1.3146250315244075
499,199308,13.691756272401435,8.0,60.345333333333336,15.747407407407406,-2.055651135005972
500,199309,6.694444444444445,9.0,51.32384142936907,10.735467460760594,-4.041023016316149
501,199310,3.7903225806451615,10.0,41.71090811391725,5.394948952176249,-1.6046263715310878
502,199311,-3.0925925925925926,11.0,32.74397083567022,0.4133171309278993,-3.505909723520492
503,199312,-3.324372759856631,12.0,25.853336921420883,-3.4148128214328426,0.09044006157621176
504,199401,-4.247311827956989,1.0,21.154787234042555,-6.025118203309693,1.7778063753527036
505,199402,-12.886904761904761,2.0,20.899016203703702,-6.167213220164609,-6.719691541740152
506,199403,-2.661290322580645,3.0,27.792891501870656,-2.337282498960746,-0.3240078236198989
507,199404,5.490740740740741,4.0,38.54665542439573,3.6370307913309596,1.8537099494097817
508,199405,8.13620071684588,5.0,50.07776590058792,10.0432032781044,-1.9070025612585209
509,199406,12.907407407407408,6.0,58.5650723025584,14.758373501421332,-1.8509660940139234
510,199407,19.336917562724015,7.0,62.914712153518124,17.174840085287848,2.162077477436167
511,199408,15.663082437275985,8.0,60.345333333333336,15.747407407407406,-0.08432497013142104
512,199409,11.166666666666666,9.0,51.32384142936907,10.735467460760594,0.4311992059060721
513,199410,4.982078853046595,10.0,41.71090811391725,5.394948952176249,-0.41287009912965456
514,199411,-0.611111111111111,11.0,32.74397083567022,0.4133171309278993,-1.0244282420390103
515,199412,-0.7347670250896057,12.0,25.853336921420883,-3.4148128214328426,2.680045796343237
516,199501,-3.4229390681003586,1.0,21.154787234042555,-6.025118203309693,2.602179135209334
517,199502,-0.753968253968254,2.0,20.899016203703702,-6.167213220164609,5.413244966196355
518,199503,0.09856630824372763,3.0,27.792891501870656,-2.337282498960746,2.435848807204474
519,199504,3.4907407407407405,4.0,38.54665542439573,3.6370307913309596,-0.14629005059021916
520,199505,9.238351254480285,5.0,50.07776590058792,10.0432032781044,-0.8048520236241146
521,199506,17.35185185185185,6.0,58.5650723025584,14.758373501421332,2.5934783504305194
522,199507,15.96774193548387,7.0,62.914712153518124,17.174840085287848,-1.2070981498039774
523,199508,15.743727598566307,8.0,60.345333333333336,15.747407407407406,-0.003679808841098975
524,199509,11.185185185185185,9.0,51.32384142936907,10.735467460760594,0.4497177244245911
525,199510,7.948028673835125,10.0,41.71090811391725,5.394948952176249,2.553079721658876
526,199511,-2.555555555555556,11.0,32.74397083567022,0.4133171309278993,-2.968872686483455
527,199512,-7.912186379928316,12.0,25.853336921420883,-3.4148128214328426,-4.4973735584954735
528,199601,-6.137992831541219,1.0,21.154787234042555,-6.025118203309693,-0.11287462823152605
529,199602,-10.009578544061302,2.0,20.899016203703702,-6.167213220164609,-3.8423653238966935
530,199603,-3.467741935483871,3.0,27.792891501870656,-2.337282498960746,-1.1304594365231249
531,199604,3.3796296296296293,4.0,38.54665542439573,3.6370307913309596,-0.2574011617013303
532,199605,9.35483870967742,5.0,50.07776590058792,10.0432032781044,-0.6883645684269801
533,199606,13.63888888888889,6.0,58.5650723025584,14.758373501421332,-1.1194846125324425
534,199607,14.92831541218638,7.0,62.914712153518124,17.174840085287848,-2.246524673101467
535,199608,17.311827956989244,8.0,60.345333333333336,15.747407407407406,1.564420549581838
536,199609,9.027777777777777,9.0,51.32384142936907,10.735467460760594,-1.7076896829828172
537,199610,6.702508960573477,10.0,41.71090811391725,5.394948952176249,1.3075600083972274
538,199611,3.212962962962963,11.0,32.74397083567022,0.4133171309278993,2.7996458320350635
539,199612,-5.161290322580645,12.0,25.853336921420883,-3.4148128214328426,-1.7464775011478024
540,199701,-4.516129032258065,1.0,21.154787234042555,-6.025118203309693,1.5089891710516277
541,199702,-3.3829365079365075,2.0,20.899016203703702,-6.167213220164609,2.784276712228101
542,199703,-0.5645161290322581,3.0,27.792891501870656,-2.337282498960746,1.7727663699284881
543,199704,2.0462962962962963,4.0,38.54665542439573,3.6370307913309596,-1.5907344950346634
544,199705,8.342293906810035,5.0,50.07776590058792,10.0432032781044,-1.7009093712943653
545,199706,16.185185185185183,6.0,58.5650723025584,14.758373501421332,1.4268116837638516
546,199707,18.47670250896057,7.0,62.914712153518124,17.174840085287848,1.3018624236727234
547,199708,18.270609318996417,8.0,60.345333333333336,15.747407407407406,2.5232019115890107
548,199709,10.703703703703702,9.0,51.32384142936907,10.735467460760594,-0.031763757056891606
549,199710,3.100358422939068,10.0,41.71090811391725,5.394948952176249,-2.294590529237181
550,199711,0.2777777777777778,11.0,32.74397083567022,0.4133171309278993,-0.1355393531501215
551,199712,-3.6917562724014337,12.0,25.853336921420883,-3.4148128214328426,-0.2769434509685911
552,199801,-1.8548387096774193,1.0,21.154787234042555,-6.025118203309693,4.170279493632274
553,199802,-4.851190476190476,2.0,20.899016203703702,-6.167213220164609,1.3160227439741323
554,199803,-4.265232974910394,3.0,27.792891501870656,-2.337282498960746,-1.9279504759496482
555,199804,3.0277777777777777,4.0,38.54665542439573,3.6370307913309596,-0.609253013553182
556,199805,10.439068100358423,5.0,50.07776590058792,10.0432032781044,0.39586482225402264
557,199806,14.75925925925926,6.0,58.5650723025584,14.758373501421332,0.0008857578379277697
558,199807,16.35304659498208,7.0,62.914712153518124,17.174840085287848,-0.8217934903057689
559,199808,13.960573476702509,8.0,60.345333333333336,15.747407407407406,-1.7868339307048977
560,199809,11.777777777777777,9.0,51.32384142936907,10.735467460760594,1.0423103170171828
561,199810,5.725806451612903,10.0,41.71090811391725,5.394948952176249,0.33085749943665377
562,199811,-3.5925925925925926,11.0,32.74397083567022,0.4133171309278993,-4.0059097235204915
563,199812,-2.24910394265233,12.0,25.853336921420883,-3.4148128214328426,1.1657088787805128
564,199901,-6.021505376344086,1.0,21.154787234042555,-6.025118203309693,0.003612826965606608
565,199902,-7.361111111111112,2.0,20.899016203703702,-6.167213220164609,-1.193897890946503
566,199903,-1.514336917562724,3.0,27.792891501870656,-2.337282498960746,0.8229455813980222
567,199904,6.12037037037037,4.0,38.54665542439573,3.6370307913309596,2.4833395790394106
568,199905,7.724014336917562,5.0,50.07776590058792,10.0432032781044,-2.3191889411868383
569,199906,18.22222222222222,6.0,58.5650723025584,14.758373501421332,3.4638487208008897
570,199907,18.96057347670251,7.0,62.914712153518124,17.174840085287848,1.785733391414663
571,199908,15.367383512544802,8.0,60.345333333333336,15.747407407407406,-0.3800238948626049
572,199909,12.814814814814815,9.0,51.32384142936907,10.735467460760594,2.079347354054221
573,199910,6.747311827956989,10.0,41.71090811391725,5.394948952176249,1.3523628757807398
574,199911,2.3796296296296293,11.0,32.74397083567022,0.4133171309278993,1.96631249870173
575,199912,-2.374551971326165,12.0,25.853336921420883,-3.4148128214328426,1.0402608501066775
576,200001,-3.225806451612903,1.0,21.154787234042555,-6.025118203309693,2.7993117516967896
577,200002,-3.055555555555556,2.0,20.899016203703702,-6.167213220164609,3.111657664609053
578,200003,-0.8691756272401433,3.0,27.792891501870656,-2.337282498960746,1.468106871720603
579,200004,6.777777777777777,4.0,38.54665542439573,3.6370307913309596,3.140746986446817
580,200005,10.833333333333332,5.0,50.07776590058792,10.0432032781044,0.7901300552289321
581,200006,14.518518518518517,6.0,58.5650723025584,14.758373501421332,-0.23985498290281448
582,200007,17.016129032258064,7.0,62.914712153518124,17.174840085287848,-0.1587110530297835
583,200008,15.555555555555555,8.0,60.345333333333336,15.747407407407406,-0.19185185185185105
584,200009,9.657407407407408,9.0,51.32384142936907,10.735467460760594,-1.0780600533531857
585,200010,8.61111111111111,10.0,41.71090811391725,5.394948952176249,3.2161621589348615
586,200011,4.351851851851851,11.0,32.74397083567022,0.4133171309278993,3.938534720923952
587,200012,1.0125448028673834,12.0,25.853336921420883,-3.4148128214328426,4.427357624300226
588,200101,-2.03405017921147,1.0,21.154787234042555,-6.025118203309693,3.991068024098223
589,200102,-7.738095238095238,2.0,20.899016203703702,-6.167213220164609,-1.5708820179306295
590,200103,-3.727598566308244,3.0,27.792891501870656,-2.337282498960746,-1.3903160673474977
591,200104,6.037037037037037,4.0,38.54665542439573,3.6370307913309596,2.4000062457060776
592,200105,9.865591397849462,5.0,50.07776590058792,10.0432032781044,-0.17761188025493801
593,200106,14.083333333333334,6.0,58.5650723025584,14.758373501421332,-0.6750401680879978
594,200107,20.519713261648743,7.0,62.914712153518124,17.174840085287848,3.3448731763608954
595,200108,16.57706093189964,8.0,60.345333333333336,15.747407407407406,0.829653524492235
596,200109,12.277777777777777,9.0,51.32384142936907,10.735467460760594,1.5423103170171828
597,200110,7.983870967741935,10.0,41.71090811391725,5.394948952176249,2.588922015565686
598,200111,-0.1481481481481481,11.0,32.74397083567022,0.4133171309278993,-0.5614652790760474
599,200112,-7.231182795698924,12.0,25.853336921420883,-3.4148128214328426,-3.8163699742660815
600,200201,-4.050179211469534,1.0,21.154787234042555,-6.025118203309693,1.9749389918401583
601,200202,-1.1111111111111112,2.0,20.899016203703702,-6.167213220164609,5.056102109053498
602,200203,0.25985663082437277,3.0,27.792891501870656,-2.337282498960746,2.597139129785119
603,200204,5.805555555555555,4.0,38.54665542439573,3.6370307913309596,2.1685247642245957
604,200205,11.774193548387096,5.0,50.07776590058792,10.0432032781044,1.730990270282696
605,200206,16.398148148148145,6.0,58.5650723025584,14.758373501421332,1.6397746467268135
606,200207,19.13978494623656,7.0,62.914712153518124,17.174840085287848,1.9649448609487123
607,200208,19.059139784946236,8.0,60.345333333333336,15.747407407407406,3.3117323775388297
608,200209,11.435185185185185,9.0,51.32384142936907,10.735467460760594,0.6997177244245911
609,200210,0.6720430107526881,10.0,41.71090811391725,5.394948952176249,-4.722905941423561
610,200211,-2.962962962962963,11.0,32.74397083567022,0.4133171309278993,-3.376280093890862
611,200212,-8.163082437275985,12.0,25.853336921420883,-3.4148128214328426,-4.748269615843142
612,200301,-9.955197132616487,1.0,21.154787234042555,-6.025118203309693,-3.930078929306794
613,200302,-5.64484126984127,2.0,20.899016203703702,-6.167213220164609,0.5223719503233388
614,200303,-1.0663082437275986,3.0,27.792891501870656,-2.337282498960746,1.2709742552331476
615,200304,2.7222222222222223,4.0,38.54665542439573,3.6370307913309596,-0.9148085691087373
616,200305,10.134408602150538,5.0,50.07776590058792,10.0432032781044,0.0912053240461379
617,200306,13.481481481481483,6.0,58.5650723025584,14.758373501421332,-1.276892019939849
618,200307,20.259856630824373,7.0,62.914712153518124,17.174840085287848,3.0850165455365257
619,200308,16.22759856630824,8.0,60.345333333333336,15.747407407407406,0.4801911589008352
620,200309,11.703703703703702,9.0,51.32384142936907,10.735467460760594,0.9682362429431084
621,200310,3.566308243727599,10.0,41.71090811391725,5.394948952176249,-1.8286407084486505
622,200311,2.694444444444444,11.0,32.74397083567022,0.4133171309278993,2.281127313516545
623,200312,-1.254480286738351,12.0,25.853336921420883,-3.4148128214328426,2.1603325346944917
624,200401,-7.17741935483871,1.0,21.154787234042555,-6.025118203309693,-1.1523011515290174
625,200402,-5.038314176245211,2.0,20.899016203703702,-6.167213220164609,1.1288990439193975
626,200403,-1.2724014336917562,3.0,27.792891501870656,-2.337282498960746,1.06488106526899
627,200404,4.712962962962963,4.0,38.54665542439573,3.6370307913309596,1.0759321716320032
628,200405,10.421146953405017,5.0,50.07776590058792,10.0432032781044,0.37794367530061734
629,200406,13.185185185185185,6.0,58.5650723025584,14.758373501421332,-1.5731883162361466
630,200407,16.523297491039425,7.0,62.914712153518124,17.174840085287848,-0.6515425942484221
631,200408,16.75627240143369,8.0,60.345333333333336,15.747407407407406,1.0088649940262844
632,200409,12.50925925925926,9.0,51.32384142936907,10.735467460760594,1.7737917984986655
633,200410,5.788530465949821,10.0,41.71090811391725,5.394948952176249,0.3935815137735714
634,200411,-0.6574074074074073,11.0,32.74397083567022,0.4133171309278993,-1.0707245383353066
635,200412,-0.7795698924731184,12.0,25.853336921420883,-3.4148128214328426,2.635242928959724
636,200501,-1.3888888888888888,1.0,21.154787234042555,-6.025118203309693,4.636229314420804
637,200502,-5.724206349206349,2.0,20.899016203703702,-6.167213220164609,0.44300687095825975
638,200503,-6.496415770609319,3.0,27.792891501870656,-2.337282498960746,-4.159133271648573
639,200504,4.685185185185185,4.0,38.54665542439573,3.6370307913309596,1.0481543938542255
640,200505,10.358422939068099,5.0,50.07776590058792,10.0432032781044,0.3152196609636988
641,200506,14.129629629629628,6.0,58.5650723025584,14.758373501421332,-0.6287438717917038
642,200507,18.96953405017921,7.0,62.914712153518124,17.174840085287848,1.794693964891362
643,200508,16.36200716845878,8.0,60.345333333333336,15.747407407407406,0.6145997610513749
644,200509,12.416666666666666,9.0,51.32384142936907,10.735467460760594,1.681199205906072
645,200510,7.21326164874552,10.0,41.71090811391725,5.394948952176249,1.8183126965692704
646,200511,3.4722222222222223,11.0,32.74397083567022,0.4133171309278993,3.058905091294323
647,200512,-3.718637992831541,12.0,25.853336921420883,-3.4148128214328426,-0.3038251713986986
648,200601,-5.017921146953404,1.0,21.154787234042555,-6.025118203309693,1.0071970563562882
649,200602,-9.21626984126984,2.0,20.899016203703702,-6.167213220164609,-3.0490566211052315
650,200603,-6.523297491039426,3.0,27.792891501870656,-2.337282498960746,-4.186014992078681
651,200604,3.9166666666666665,4.0,38.54665542439573,3.6370307913309596,0.2796358753357069
652,200605,10.564516129032258,5.0,50.07776590058792,10.0432032781044,0.521312850927858
653,200606,16.10185185185185,6.0,58.5650723025584,14.758373501421332,1.3434783504305194
654,200607,18.82616487455197,7.0,62.914712153518124,17.174840085287848,1.6513247892641232
655,200608,18.42293906810036,8.0,60.345333333333336,15.747407407407406,2.6755316606929522
656,200609,14.129629629629628,9.0,51.32384142936907,10.735467460760594,3.394162168869034
657,200610,7.598566308243727,10.0,41.71090811391725,5.394948952176249,2.203617356067478
658,200611,1.25,11.0,32.74397083567022,0.4133171309278993,0.8366828690721007
659,200612,2.4731182795698925,12.0,25.853336921420883,-3.4148128214328426,5.887931101002735
660,200701,-2.867383512544803,1.0,21.154787234042555,-6.025118203309693,3.1577346907648898
661,200702,-9.295634920634921,2.0,20.899016203703702,-6.167213220164609,-3.1284217004703123
662,200703,3.3512544802867383,3.0,27.792891501870656,-2.337282498960746,5.688536979247484
663,200704,5.712962962962963,4.0,38.54665542439573,3.6370307913309596,2.075932171632003
664,200705,11.066308243727597,5.0,50.07776590058792,10.0432032781044,1.0231049656231974
665,200706,15.49074074074074,6.0,58.5650723025584,14.758373501421332,0.7323672393194087
666,200707,17.589605734767026,7.0,62.914712153518124,17.174840085287848,0.41476564947917893
667,200708,17.526881720430108,8.0,60.345333333333336,15.747407407407406,1.7794743130227015
668,200709,11.055555555555555,9.0,51.32384142936907,10.735467460760594,0.32008809479496136
669,200710,6.586021505376344,10.0,41.71090811391725,5.394948952176249,1.1910725532000948
670,200711,0.12037037037037042,11.0,32.74397083567022,0.4133171309278993,-0.2929467605575289
671,200712,1.4516129032258065,12.0,25.853336921420883,-3.4148128214328426,4.866425724658649
672,200801,-0.47491039426523296,1.0,21.154787234042555,-6.025118203309693,5.550207809044459
673,200802,0.15325670498084293,2.0,20.899016203703702,-6.167213220164609,6.320469925145452
674,200803,-0.48387096774193544,3.0,27.792891501870656,-2.337282498960746,1.8534115312188106
675,200804,6.407407407407407,4.0,38.54665542439573,3.6370307913309596,2.770376616076448
676,200805,10.725806451612904,5.0,50.07776590058792,10.0432032781044,0.6826031735085039
677,200806,14.842592592592592,6.0,58.5650723025584,14.758373501421332,0.08421909117125992
678,200807,17.258064516129032,7.0,62.914712153518124,17.174840085287848,0.08322443084118447
679,200808,15.197132616487455,8.0,60.345333333333336,15.747407407407406,-0.5502747909199517
680,200809,9.87037037037037,9.0,51.32384142936907,10.735467460760594,-0.8650970903902238
681,200810,8.216845878136201,10.0,41.71090811391725,5.394948952176249,2.821896925959952
682,200811,2.435185185185185,11.0,32.74397083567022,0.4133171309278993,2.0218680542572858
683,200812,0.4121863799283154,12.0,25.853336921420883,-3.4148128214328426,3.826999201361158
684,200901,-3.9695340501792113,1.0,21.154787234042555,-6.025118203309693,2.0555841531304813
685,200902,-5.337301587301587,2.0,20.899016203703702,-6.167213220164609,0.8299116328630216
686,200903,-1.9623655913978493,3.0,27.792891501870656,-2.337282498960746,0.37491690756289686
687,200904,4.694444444444445,4.0,38.54665542439573,3.6370307913309596,1.057413653113485
688,200905,11.550179211469533,5.0,50.07776590058792,10.0432032781044,1.5069759333651334
689,200906,14.398148148148149,6.0,58.5650723025584,14.758373501421332,-0.36022535327318295
690,200907,17.26702508960573,7.0,62.914712153518124,17.174840085287848,0.09218500431788357
691,200908,16.263440860215052,8.0,60.345333333333336,15.747407407407406,0.5160334528076458
692,200909,13.25925925925926,9.0,51.32384142936907,10.735467460760594,2.5237917984986655
693,200910,3.4408602150537635,10.0,41.71090811391725,5.394948952176249,-1.9540887371224858
694,200911,2.25,11.0,32.74397083567022,0.4133171309278993,1.8366828690721007
695,200912,-5.421146953405017,12.0,25.853336921420883,-3.4148128214328426,-2.006334131972175
696,201001,-12.35663082437276,1.0,21.154787234042555,-6.025118203309693,-6.331512621063067
697,201002,-9.355158730158731,2.0,20.899016203703702,-6.167213220164609,-3.1879455099941225
698,201003,-3.0376344086021505,3.0,27.792891501870656,-2.337282498960746,-0.7003519096414044
699,201004,4.861111111111111,4.0,38.54665542439573,3.6370307913309596,1.224080319780151
700,201005,12.043010752688172,5.0,50.07776590058792,10.0432032781044,1.999807474583772
701,201006,14.898148148148149,6.0,58.5650723025584,14.758373501421332,0.13977464672681705
702,201007,22.35663082437276,7.0,62.914712153518124,17.174840085287848,5.181790739084914
703,201008,17.885304659498207,8.0,60.345333333333336,15.747407407407406,2.1378972520908004
704,201009,11.712962962962962,9.0,51.32384142936907,10.735467460760594,0.9774955022023679
705,201010,5.080645161290323,10.0,41.71090811391725,5.394948952176249,-0.3143037908859263
706,201011,-1.5185185185185186,11.0,32.74397083567022,0.4133171309278993,-1.931835649446418
707,201012,-9.229390681003583,12.0,25.853336921420883,-3.4148128214328426,-5.81457785957074
708,201101,-5.743727598566307,1.0,21.154787234042555,-6.025118203309693,0.2813906047433852
709,201102,-11.09126984126984,2.0,20.899016203703702,-6.167213220164609,-4.9240566211052315
710,201103,-1.9086021505376343,3.0,27.792891501870656,-2.337282498960746,0.42868034842311187
711,201104,5.944444444444445,4.0,38.54665542439573,3.6370307913309596,2.307413653113485
712,201105,10.725806451612904,5.0,50.07776590058792,10.0432032781044,0.6826031735085039
713,201106,17.453703703703702,6.0,58.5650723025584,14.758373501421332,2.6953302022823706
714,201107,20.958781362007166,7.0,62.914712153518124,17.174840085287848,3.783941276719318
715,201108,17.123655913978496,8.0,60.345333333333336,15.747407407407406,1.3762485065710894
716,201109,13.083333333333334,9.0,51.32384142936907,10.735467460760594,2.34786587257274
717,201110,7.697132616487456,10.0,41.71090811391725,5.394948952176249,2.3021836643112064
718,201111,4.37962962962963,11.0,32.74397083567022,0.4133171309278993,3.9663124987017304
719,201112,1.935483870967742,12.0,25.853336921420883,-3.4148128214328426,5.350296692400585
720,201201,-5.170250896057348,1.0,21.154787234042555,-6.025118203309693,0.8548673072523449
721,201202,-8.419540229885056,2.0,20.899016203703702,-6.167213220164609,-2.2523270097204477
722,201203,-0.17921146953405023,3.0,27.792891501870656,-2.337282498960746,2.158071029426696
723,201204,3.861111111111111,4.0,38.54665542439573,3.6370307913309596,0.22408031978015153
724,201205,11.28136200716846,5.0,50.07776590058792,10.0432032781044,1.2381587290640592
725,201206,13.805555555555554,6.0,58.5650723025584,14.758373501421332,-0.9528179458657782
726,201207,18.163082437275985,7.0,62.914712153518124,17.174840085287848,0.9882423519881378
727,201208,15.75268817204301,8.0,60.345333333333336,15.747407407407406,0.005280764635603674
728,201209,12.018518518518517,9.0,51.32384142936907,10.735467460760594,1.2830510577579233
729,201210,5.851254480286738,10.0,41.71090811391725,5.394948952176249,0.4563055281104891
730,201211,3.0,11.0,32.74397083567022,0.4133171309278993,2.5866828690721007
731,201212,-6.765232974910394,12.0,25.853336921420883,-3.4148128214328426,-3.3504201534775517
732,201301,-6.173835125448028,1.0,21.154787234042555,-6.025118203309693,-0.14871692213833576
733,201302,-2.916666666666667,2.0,20.899016203703702,-6.167213220164609,3.2505465534979416
734,201303,-6.944444444444445,3.0,27.792891501870656,-2.337282498960746,-4.607161945483698
735,201304,2.6759259259259256,4.0,38.54665542439573,3.6370307913309596,-0.961104865405034
736,201305,13.557347670250897,5.0,50.07776590058792,10.0432032781044,3.5141443921464965
737,201306,17.97222222222222,6.0,58.5650723025584,14.758373501421332,3.2138487208008897
738,201307,18.315412186379927,7.0,62.914712153518124,17.174840085287848,1.1405721010920793
739,201308,17.446236559139788,8.0,60.345333333333336,15.747407407407406,1.6988291517323812
740,201309,12.11111111111111,9.0,51.32384142936907,10.735467460760594,1.3756436503505167
741,201310,6.639784946236558,10.0,41.71090811391725,5.394948952176249,1.2448359940603089
742,201311,3.2777777777777777,11.0,32.74397083567022,0.4133171309278993,2.8644606468498783
743,201312,1.1379928315412187,12.0,25.853336921420883,-3.4148128214328426,4.552805652974062
744,201401,-7.419354838709677,1.0,21.154787234042555,-6.025118203309693,-1.3942366353999844
745,201402,-0.4861111111111111,2.0,20.899016203703702,-6.167213220164609,5.681102109053498
746,201403,1.6845878136200716,3.0,27.792891501870656,-2.337282498960746,4.021870312580818
747,201404,5.601851851851851,4.0,38.54665542439573,3.6370307913309596,1.9648210605208916
748,201405,11.039426523297491,5.0,50.07776590058792,10.0432032781044,0.9962232451930912
749,201406,13.842592592592592,6.0,58.5650723025584,14.758373501421332,-0.9157809088287401
750,201407,20.206093189964157,7.0,62.914712153518124,17.174840085287848,3.03125310467631
751,201408,17.544802867383513,8.0,60.345333333333336,15.747407407407406,1.7973954599761068
752,201409,12.546296296296298,9.0,51.32384142936907,10.735467460760594,1.8108288355357036
753,201410,5.922939068100359,10.0,41.71090811391725,5.394948952176249,0.5279901159241094
754,201411,2.259259259259259,11.0,32.74397083567022,0.4133171309278993,1.8459421283313597
755,201412,-1.8279569892473118,12.0,25.853336921420883,-3.4148128214328426,1.5868558321855308
756,201501,-2.2849462365591395,1.0,21.154787234042555,-6.025118203309693,3.740171966750553
757,201502,-0.1884920634920635,2.0,20.899016203703702,-6.167213220164609,5.978721156672545
758,201503,2.0519713261648747,3.0,27.792891501870656,-2.337282498960746,4.389253825125621
759,201504,5.259259259259259,4.0,38.54665542439573,3.6370307913309596,1.622228467928299
760,201505,9.731182795698926,5.0,50.07776590058792,10.0432032781044,-0.3120204824054742
761,201506,13.925925925925926,6.0,58.5650723025584,14.758373501421332,-0.8324475754954062
762,201507,16.38888888888889,7.0,62.914712153518124,17.174840085287848,-0.7859511963989583
763,201508,17.177419354838708,8.0,60.345333333333336,15.747407407407406,1.4300119474313018
764,201509,12.898148148148149,9.0,51.32384142936907,10.735467460760594,2.162680687387555
765,201510,5.60931899641577,10.0,41.71090811391725,5.394948952176249,0.2143700442395211
766,201511,4.481481481481482,11.0,32.74397083567022,0.4133171309278993,4.068164350553583
767,201512,1.818996415770609,12.0,25.853336921420883,-3.4148128214328426,5.2338092372034515
768,201601,-10.385304659498209,1.0,21.154787234042555,-6.025118203309693,-4.360186456188516
769,201602,-0.6896551724137931,2.0,20.899016203703702,-6.167213220164609,5.477558047750815
770,201603,0.39426523297491045,3.0,27.792891501870656,-2.337282498960746,2.7315477319356565
771,201604,5.240740740740741,4.0,38.54665542439573,3.6370307913309596,1.6037099494097817
772,201605,13.906810035842293,5.0,50.07776590058792,10.0432032781044,3.8636067577378927
773,201606,15.777777777777777,6.0,58.5650723025584,14.758373501421332,1.019404276356445
774,201607,18.118279569892472,7.0,62.914712153518124,17.174840085287848,0.9434394846046246
775,201608,16.18279569892473,8.0,60.345333333333336,15.747407407407406,0.43538829151732195
776,201609,12.88888888888889,9.0,51.32384142936907,10.735467460760594,2.1534214281282953
777,201610,4.686379928315412,10.0,41.71090811391725,5.394948952176249,-0.7085690238608375
778,201611,-1.1851851851851853,11.0,32.74397083567022,0.4133171309278993,-1.5985023161130847
779,201612,-1.003584229390681,12.0,25.853336921420883,-3.4148128214328426,2.4112285920421614
780,201701,-3.0824372759856633,1.0,21.154787234042555,-6.025118203309693,2.9426809273240293
781,201702,-3.3234126984126986,2.0,20.899016203703702,-6.167213220164609,2.84380052175191
782,201703,0.8243727598566307,3.0,27.792891501870656,-2.337282498960746,3.161655258817377
783,201704,2.7222222222222223,4.0,38.54665542439573,3.6370307913309596,-0.9148085691087373
784,201705,9.758064516129032,5.0,50.07776590058792,10.0432032781044,-0.285138761975368
785,201706,13.916666666666666,6.0,58.5650723025584,14.758373501421332,-0.8417068347546657
786,201707,16.17383512544803,7.0,62.914712153518124,17.174840085287848,-1.0010049598398183
787,201708,16.066308243727597,8.0,60.345333333333336,15.747407407407406,0.31890083632019106
788,201710,8.055555555555555,10.0,41.71090811391725,5.394948952176249,2.660606603379306
